0.5626 -0.1115
0.6236 1.203
-0.5276 3.2837
-0.3491 -3.6393
-1.6825 0.0288
0.3617 1.8347
0.0362 0.7902
1.4035 4.488
-1.3467 -0.2032
-0.0714 -1.804
3.6654 -3.2651
-0.4479 -1.3303
1.0784 5.3157
-0.1093 2.0522
1.3668 1.8814
-1.6899 0.8071
-0.4713 1.1179
1.9328 2.5597
-0.811 0.6736
-0.1942 -4.9668
0.647 0.9185
0.9332 3.0755
0.0577 -1.4005
-1.5366 5.8999
-1.1288 -0.4857
-0.645 -0.1063
1.464 0.5202
2.104 -4.4862
-1.5781 -4.9435
-0.4189 -2.5489
-0.4592 -1.7524
-0.5772 -0.3933
-1.0251 -1.8755
-1.1472 -0.5643
-0.0684 -2.3835
0.4322 1.8258
0.1698 3.2945
-1.0183 3.2319
-0.7274 -3.9265
-0.5605 2.6402
0.0992 1.7856
0.0666 -0.3454
-2.8786 -2.2931
-0.0573 0.0767
0.1438 -3.0082
-1.6494 1.4433
0.6892 7.8009
-1.4583 2.2655
0.2099 -1.6518
-0.1081 3.0433
12.1577 9.992
10.6907 11.0394
10.1824 10.2084
10.5645 8.8187
13.3298 10.4792
6.5651 9.7668
8.4441 10.1849
9.9007 8.4702
12.6706 10.5174
9.9593 10.3302
10.7549 8.0715
10.672 11.2803
10.3122 9.3903
9.3817 10.4872
10.9257 10.996
9.0501 10.7775
10.7083 7.6368
12.0285 10.5905
11.7306 11.133
8.7055 12.7335
10.8563 9.0909
7.8437 11.062
11.9549 9.4504
10.5234 10.2717
7.0771 9.7253
6.7213 10.9046
11.1852 8.8824
10.7948 10.367
9.2306 7.1561
10.7611 12.1834
11.7321 12.3573
9.3796 10.1393
10.7155 9.1186
10.4153 9.7072
7.4322 10.6863
10.8464 10.9574
10.8353 9.9843
12.2897 8.5442
11.3173 9.6699
12.6019 12.6695
9.7586 8.5637
9.1317 9.9978
10.5201 10.6826
10.3111 9.7016
8.3596 10.32
11.0544 10.0101
9.523 9.8104
7.4456 9.3954
12.5269 10.645
9.0775 9.3072
8.3152 10.0201
8.3414 10.4288
9.4354 9.7219
8.2448 9.6967
10.2407 8.6837
6.4078 9.7181
10.6872 10.5001
9.8886 9.3758
9.855 7.9392
10.0421 9.7467
9.3622 11.0973
10.7959 8.3262
11.6978 9.5242
10.2143 8.0277
9.5676 10.0004
9.4305 11.7936
10.1457 10.411
8.9931 9.1509
11.1119 10.6667
7.3084 8.6189
9.7397 11.5923
8.5278 9.7201
12.2035 9.6725
6.3579 10.1504
10.1489 9.3508
11.7709 10.0111
11.4516 8.7222
10.3485 10.014
9.5184 9.9211
10.5017 9.8389
12.1167 9.4278
11.2949 8.6581
9.3224 10.603
7.5446 10.3546
7.5884 11.2156
12.7362 10.1946
10.2261 10.3549
6.7913 9.6991
10.3962 9.0016
12.0925 11.4846
9.1802 9.882
12.2357 10.8742
11.6163 10.9713
9.9629 9.8919
12.5572 11.3521
11.8286 10.183
10.7717 8.2753
10.7208 10.0185
8.3579 11.1817
9.5942 9.2237
12.035 1.5946
9.2348 -0.4301
9.8155 -5.7997
11.1073 -0.6186
12.5584 0.4638
8.7112 -0.5355
10.2181 -4.1726
9.424 -1.4254
9.4324 0.6324
10.4586 2.6104
12.2177 0.4428
10.4424 -1.8825
9.3051 3.0833
10.559 4.4126
8.7692 1.2376
4.9306 0.3424
14.8645 1.6435
7.5577 0.1987
10.7832 -4.161
8.0642 1.0976
8.3258 -1.7819
8.3923 -2.1749
10.6299 1.1196
9.4379 -1.2768
11.2494 -1.3417
7.5699 -0.7082
9.7081 -0.8012
9.3757 2.7471
10.1854 -2.2017
9.2621 -1.9047
8.6566 -2.0177
11.9643 -0.5536
8.4562 0.2959
8.6957 0.3501
5.2234 -4.9489
10.0787 -0.0235
7.8384 -1.1875
9.13 -2.7107
8.5923 -0.8015
11.8496 3.0582
11.6413 -3.2069
9.2932 -0.3358
10.5252 -0.6025
9.6361 0.9549
11.809 2.4643
6.4202 -0.7795
11.3994 1.351
11.9791 2.5028
9.5881 -1.3626
8.4201 2.2853
10.1661 -1.2165
10.3768 0.067
11.4802 1.3091
7.6982 0.088
9.7791 -1.9838
12.9219 -0.2588
7.8328 -1.6152
7.9381 -1.1806
11.2547 -0.2427
10.8688 2.4064
11.5751 0.2994
7.2308 -0.0469
11.4742 -1.7364
9.6548 2.1064
8.9291 -0.1893
13.6631 2.8334
8.9126 -2.3429
10.1521 0.1488
8.7583 -0.0431
7.2692 -0.2527
10.4866 4.3492
8.6319 -0.0398
9.5374 4.8388
7.626 -1.6453
7.3221 -0.4392
10.3762 -0.0714
7.1403 2.8025
9.3272 -3.6613
7.7046 -0.6237
9.799 -3.1042
9.7805 -0.0611
9.2164 4.0528
8.2358 -0.5608
8.6228 1.592
8.6112 3.4053
9.6085 -2.5532
8.9309 0.169
12.7803 3.5191
9.9606 0.2923
10.9789 -1.6586
11.1595 -0.5039
9.6988 -1.1064
8.4507 0.0558
11.9292 -1.0564
8.6752 -0.5204
10.7842 -5.0705
9.0923 3.482
8.6591 1.8241
10.3991 1.659
7.9883 3.1267
10.3307 -0.6429
9.1727 -2.3285
8.7798 2.3317
9.3945 -2.8666
7.9873 0.1298
9.8321 -1.7943
10.7482 2.7309
11.5332 1.8569
9.8492 -0.0124
7.6795 -1.1155
11.2733 -1.3879
8.6207 3.0815
10.5913 -5.8578
13.7839 1.6303
8.3179 -0.9277
10.7649 -3.4637
11.0996 -1.1796
8.0289 0.0423
8.3688 -0.5242
9.6584 0.9505